0 
0 
0 
0 
0 
0 
0 
0 
0 
0 
0 
0 
0 
0 
0 
0 
0 
0 
0 
0 
0 
0 
0 
0 
0 
0 
0 
0 
0 
0 
0 
0 
0 
0 
0 
0 
0 
0 
0 
0 
0 
0 
0 
0 
0 
0 
0 
0 
0 
0 
0 
0 
0 
0 
0 
0 
0 
0 
0 
0 
2 
3 
0 
0 
0 
0 
0 
0 
0 
0 
0 
0 
0 
0 
0 
0 
0 
0 
0 
0 
0 
0 
0 
0 
0 
0 
0 
0 
0 
0 
0 
0 
0 
0 
0 
0 
0 
0 
0 
0 
0 
0 
0 
0 
0 
0 
0 
0 
0 
0 
0 
0 
0 
0 
0 
0 
0 
0 
0 
0 
0 
-1157520761 
1750411693 
-1356639649 
938783103 
-1582226035 
1964514203 
-2118346451 
-2064901991 
-1472027217 
-1349822679 
-452519045 
899488359 
-584025167 
-1710714979 
-1475586017 
-1033032163 
-1913761193 
425694015 
-776201699 
-1806283215 
-1373160513 
-1849471329 
-1386319825 
320271175 
1203618843 
-74060439 
806716987 
-719346649 
273802867 
1894813795 
-1047032445 
-993299597 
151544999 
101192851 
-58801667 
-437139649 
1682959291 
-1157794447 
1445538385 
-1466345463 
-345863669 
-1839936101 
-41532707 
2039462373 
-889870403 
-975745513 
-1169708499 
-1225438055 
-1569215655 
1586638869 
-812457163 
-1266510915 
-391039341 
-898244367 
16962241 
1616543083 
-723505863 
-910630127 
-1992075967 
-1550720639 
0 
0 
0 
0 
0 
0 
0 
0 
0 
0 
0 
0 
0 
0 
0 
0 
0 
0 
0 
0 
0 
0 
0 
0 
0 
0 
0 
0 
0 
0 
0 
0 
0 
0 
0 
0 
0 
0 
0 
0 
0 
0 
0 
0 
0 
0 
0 
0 
0 
0 
0 
0 
0 
0 
0 
0 
0 
0 
0 
0 
