0 
0 
0 
0 
0 
0 
0 
0 
0 
0 
0 
0 
0 
0 
0 
0 
0 
0 
0 
0 
0 
0 
0 
0 
0 
0 
0 
0 
0 
0 
0 
0 
0 
0 
0 
0 
0 
2 
3 
0 
0 
0 
0 
0 
0 
0 
0 
0 
0 
0 
0 
0 
0 
0 
0 
0 
0 
0 
0 
0 
0 
0 
0 
0 
0 
0 
0 
0 
0 
0 
0 
0 
0 
0 
0 
15793 
20534 
17095 
9428 
-6921 
-11122 
31006 
-18944 
31386 
16055 
-28231 
-9919 
13980 
27991 
31894 
-27266 
31406 
25345 
-8476 
10905 
-13038 
16282 
-23852 
-12138 
-1027 
-32666 
-25863 
13813 
26930 
24159 
-18514 
-7904 
-11256 
13792 
8954 
31113 
14653 
0 
0 
0 
0 
0 
0 
0 
0 
0 
0 
0 
0 
0 
0 
0 
0 
0 
0 
0 
0 
0 
0 
0 
0 
0 
0 
0 
0 
0 
0 
0 
0 
0 
0 
0 
0 
0 
