0 
0 
0 
0 
0 
0 
0 
0 
0 
0 
0 
0 
0 
0 
0 
0 
0 
0 
0 
0 
0 
0 
0 
0 
0 
0 
0 
0 
0 
0 
0 
0 
0 
0 
0 
0 
0 
0 
0 
0 
0 
0 
0 
0 
0 
0 
0 
0 
0 
0 
0 
0 
0 
0 
0 
0 
0 
0 
0 
0 
2 
3 
0 
0 
0 
0 
0 
0 
0 
0 
0 
0 
0 
0 
0 
0 
0 
0 
0 
0 
0 
0 
0 
0 
0 
0 
0 
0 
0 
0 
0 
0 
0 
0 
0 
0 
0 
0 
0 
0 
0 
0 
0 
0 
0 
0 
0 
0 
0 
0 
0 
0 
0 
0 
0 
0 
0 
0 
0 
0 
0 
-1346 
81 
655 
543 
1862 
-950 
-1562 
-2034 
-1616 
-247 
1813 
-639 
1485 
-1230 
-320 
-1265 
1492 
-1062 
-1218 
1037 
580 
-1804 
-121 
1920 
1413 
-301 
533 
1057 
7 
774 
-281 
-1496 
1308 
-561 
1861 
-1481 
-813 
1975 
1334 
132 
964 
265 
-1381 
-384 
-1384 
1908 
-1250 
-1420 
984 
-1056 
1256 
1702 
-641 
-277 
1256 
-323 
-68 
-740 
1246 
1779 
0 
0 
0 
0 
0 
0 
0 
0 
0 
0 
0 
0 
0 
0 
0 
0 
0 
0 
0 
0 
0 
0 
0 
0 
0 
0 
0 
0 
0 
0 
0 
0 
0 
0 
0 
0 
0 
0 
0 
0 
0 
0 
0 
0 
0 
0 
0 
0 
0 
0 
0 
0 
0 
0 
0 
0 
0 
0 
0 
0 
