0 
0 
0 
0 
0 
0 
0 
0 
0 
0 
0 
0 
0 
0 
0 
0 
0 
0 
0 
0 
0 
0 
0 
0 
0 
0 
0 
0 
0 
0 
0 
0 
0 
0 
0 
0 
0 
2 
3 
0 
0 
0 
0 
0 
0 
0 
0 
0 
0 
0 
0 
0 
0 
0 
0 
0 
0 
0 
0 
0 
0 
0 
0 
0 
0 
0 
0 
0 
0 
0 
0 
0 
0 
0 
0 
4930 
-31434 
29457 
30269 
-12217 
-10102 
7944 
31543 
27083 
-21980 
368 
-30541 
24977 
-31032 
-23434 
5336 
-26145 
-4817 
-27297 
27085 
14869 
30772 
-16125 
-28934 
-18256 
-1040 
3206 
20676 
-22539 
-30849 
-32535 
14127 
380 
-24785 
-28630 
-28736 
25084 
0 
0 
0 
0 
0 
0 
0 
0 
0 
0 
0 
0 
0 
0 
0 
0 
0 
0 
0 
0 
0 
0 
0 
0 
0 
0 
0 
0 
0 
0 
0 
0 
0 
0 
0 
0 
0 
