0 
0 
0 
0 
0 
0 
0 
0 
0 
0 
0 
0 
0 
0 
0 
0 
0 
0 
0 
0 
0 
0 
0 
0 
0 
0 
0 
0 
0 
0 
0 
0 
0 
0 
0 
0 
0 
0 
0 
0 
0 
0 
0 
0 
0 
0 
0 
0 
0 
0 
0 
0 
0 
0 
0 
0 
0 
0 
0 
0 
2 
3 
0 
0 
0 
0 
0 
0 
0 
0 
0 
0 
0 
0 
0 
0 
0 
0 
0 
0 
0 
0 
0 
0 
0 
0 
0 
0 
0 
0 
0 
0 
0 
0 
0 
0 
0 
0 
0 
0 
0 
0 
0 
0 
0 
0 
0 
0 
0 
0 
0 
0 
0 
0 
0 
0 
0 
0 
0 
0 
0 
-18433 
-23403 
5203 
31899 
-22873 
5124 
6891 
20469 
-27130 
16947 
14243 
-20067 
-17815 
9461 
26725 
-13455 
23863 
-6335 
14485 
-1150 
2890 
25136 
21852 
17931 
-21132 
28944 
-3328 
29134 
-20394 
-24843 
-19335 
14918 
-12248 
-8849 
25069 
15941 
9947 
237 
-6024 
7595 
-10607 
-14961 
6857 
-31298 
25660 
-11039 
-5520 
18690 
10659 
-27316 
-27364 
8686 
-11953 
-27258 
25094 
-32323 
-29253 
-15345 
-28107 
-22153 
0 
0 
0 
0 
0 
0 
0 
0 
0 
0 
0 
0 
0 
0 
0 
0 
0 
0 
0 
0 
0 
0 
0 
0 
0 
0 
0 
0 
0 
0 
0 
0 
0 
0 
0 
0 
0 
0 
0 
0 
0 
0 
0 
0 
0 
0 
0 
0 
0 
0 
0 
0 
0 
0 
0 
0 
0 
0 
0 
0 
